2	51	13883
2	52	11690
2	53	11351
2	54	10300
2	55	8983
2	56	6152
2	57	5955
2	58	4616
2	59	4337
2	60	4147
2	61	3923
2	62	3782
2	63	3735
2	64	3644
2	65	3579
2	66	3312
2	67	3301
2	68	2927
2	69	2720
2	70	2686
2	71	2654
2	72	2619
2	73	2584
2	74	2547
2	75	2397
2	76	2382
2	77	2120
2	78	2119
2	79	1990
2	80	1972
2	81	1948
2	82	1868
2	83	1792
2	84	1740
2	85	1638
2	86	1594
2	87	1559
2	88	1553
2	89	1519
2	90	1471
2	91	1438
2	92	1411
2	93	1407
2	94	1373
2	95	1363
2	96	1342
2	97	1337
2	98	1332
2	99	1330
2	100	1315
3	101	13176
3	102	662
3	103	493
3	104	431
3	105	403
3	106	354
3	107	269
3	108	236
3	109	215
3	110	215
3	111	212
3	112	193
3	113	187
3	114	167
3	115	163
3	116	154
3	117	151
3	118	142
3	119	142
3	120	125
3	121	111
3	122	108
3	123	104
3	124	99
3	125	98
3	126	94
3	127	89
3	128	89
3	129	86
3	130	85
3	131	84
3	132	83
3	133	83
3	134	77
3	135	77
3	136	76
3	137	75
3	138	72
3	139	72
3	140	71
3	141	70
3	142	70
3	143	70
3	144	69
3	145	68
3	146	67
3	147	67
3	148	66
3	149	66
3	150	65
4	51	228
4	53	686
4	64	420
4	65	301
4	70	389
4	72	4983
4	77	396
4	151	1807
4	152	1208
4	153	903
4	154	826
4	155	777
4	156	743
4	157	732
4	158	729
4	159	724
4	160	712
4	161	632
4	162	524
4	163	465
4	164	455
4	165	446
4	166	445
4	167	407
4	168	404
4	169	384
4	170	366
4	171	359
4	172	309
4	173	292
4	174	287
4	175	285
4	176	284
4	177	284
4	178	279
4	179	264
4	180	256
4	181	255
4	182	254
4	183	253
4	184	247
4	185	240
4	186	236
4	187	223
4	188	221
4	189	210
4	190	208
4	191	202
4	192	197
4	193	193
5	53	181
5	154	884
5	173	241
5	182	222
5	190	826
5	194	777
5	195	673
5	196	620
5	197	452
5	198	451
5	199	374
5	200	337
5	201	304
5	202	298
5	203	287
5	204	283
5	205	275
5	206	265
5	207	259
5	208	255
5	209	252
5	210	229
5	211	222
5	212	210
5	213	209
5	214	207
5	215	196
5	216	192
5	217	185
5	218	184
5	219	178
5	220	170
5	221	161
5	222	161
5	223	149
5	224	143
5	225	142
5	226	139
5	227	138
5	228	138
5	229	138
5	230	137
5	231	134
5	232	133
5	233	130
5	234	129
5	235	129
5	236	127
5	237	118
5	238	115
6	77	16
6	239	41
6	240	41
6	241	40
6	242	37
6	243	34
6	244	33
6	245	31
6	246	31
6	247	27
6	248	26
6	249	24
6	250	24
6	251	24
6	252	24
6	253	23
6	254	20
6	255	20
6	256	19
6	257	18
6	258	18
6	259	18
6	260	18
6	261	18
6	262	17
6	263	17
6	264	17
6	265	17
6	266	16
6	267	16
6	268	16
6	269	16
6	270	16
6	271	15
6	272	15
6	273	15
6	274	15
6	275	14
6	276	14
6	277	14
6	278	14
6	279	14
6	280	14
6	281	14
6	282	14
6	283	14
6	284	13
6	285	13
6	286	13
6	287	13
7	55	3151
7	67	2540
7	89	5846
7	257	5188
7	288	43864
7	289	11112
7	290	6266
7	291	5379
7	292	4201
7	293	4059
7	294	3251
7	295	2852
7	296	2356
7	297	1848
7	298	1802
7	299	1780
7	300	1747
7	301	1553
7	302	1490
7	303	1426
7	304	1312
7	305	1169
7	306	1164
7	307	1162
7	308	1082
7	309	1027
7	310	962
7	311	960
7	312	926
7	313	900
7	314	868
7	315	834
7	316	809
7	317	773
7	318	753
7	319	741
7	320	719
7	321	674
7	322	667
7	323	646
7	324	605
7	325	599
7	326	593
7	327	587
7	328	571
7	329	534
7	330	527
7	331	516
7	332	510
7	333	498
8	71	181
8	89	921
8	97	354
8	251	235
8	257	479
8	265	581
8	288	428
8	289	2258
8	291	402
8	292	783
8	295	1425
8	296	1039
8	298	613
8	300	347
8	302	432
8	311	353
8	323	578
8	334	6291
8	335	2396
8	336	1735
8	337	1407
8	338	963
8	339	819
8	340	800
8	341	794
8	342	753
8	343	588
8	344	553
8	345	527
8	346	520
8	347	505
8	348	504
8	349	494
8	350	494
8	351	456
8	352	417
8	353	400
8	354	389
8	355	361
8	356	350
8	357	345
8	358	280
8	359	277
8	360	257
8	361	253
8	362	229
8	363	185
8	364	178
8	365	177
8	366	173
9	8	587
9	367	2396
9	368	1444
9	369	1158
9	370	1113
9	371	1103
9	372	1069
9	373	729
9	374	708
9	375	630
9	376	629
9	377	609
9	378	590
9	379	558
9	380	556
9	381	556
9	382	533
9	383	521
9	384	510
9	385	467
9	386	465
9	387	430
9	388	411
9	389	403
9	390	381
9	391	367
9	392	364
9	393	357
9	394	345
9	395	319
9	396	307
9	397	307
9	398	306
9	399	292
9	400	290
9	401	289
9	402	280
9	403	273
9	404	273
9	405	267
9	406	260
9	407	249
9	408	249
9	409	242
9	410	241
9	411	237
9	412	236
9	413	234
9	414	229
9	415	228
10	154	177
10	159	225
10	196	1137
10	199	1386
10	200	306
10	208	310
10	217	761
10	219	189
10	225	1297
10	228	279
10	229	992
10	416	3132
10	417	1584
10	418	1056
10	419	1029
10	420	1023
10	421	956
10	422	878
10	423	845
10	424	797
10	425	729
10	426	603
10	427	583
10	428	578
10	429	573
10	430	560
10	431	546
10	432	527
10	433	483
10	434	455
10	435	367
10	436	317
10	437	315
10	438	308
10	439	291
10	440	247
10	441	238
10	442	235
10	443	229
10	444	208
10	445	204
10	446	199
10	447	189
10	448	178
10	449	177
10	450	173
10	451	169
10	452	165
10	453	161
10	454	157
11	67	229
11	89	3384
11	157	1007
11	230	329
11	234	370
11	288	749
11	289	3851
11	292	555
11	294	264
11	295	521
11	300	347
11	301	306
11	304	1031
11	306	249
11	325	298
11	327	337
11	329	553
11	344	243
11	349	341
11	455	4416
11	456	1951
11	457	1788
11	458	1708
11	459	1567
11	460	1531
11	461	1500
11	462	1318
11	463	1235
11	464	1117
11	465	1006
11	466	956
11	467	793
11	468	719
11	469	552
11	470	548
11	471	537
11	472	514
11	473	441
11	474	425
11	475	424
11	476	337
11	477	336
11	478	329
11	479	321
11	480	314
11	481	293
11	482	251
11	483	247
11	484	244
11	485	238
12	72	2144
12	189	2976
12	191	4259
12	230	2110
12	288	3072
12	300	1064
12	333	23961
12	344	5489
12	377	59695
12	378	31617
12	405	1034
12	407	1600
12	466	1485
12	486	24097
12	487	7867
12	488	7425
12	489	7399
12	490	4527
12	491	3837
12	492	3823
12	493	3727
12	494	3648
12	495	3526
12	496	3407
12	497	3226
12	498	3134
12	499	3080
12	500	2471
12	501	2378
12	502	2303
12	503	1714
12	504	1646
12	505	1596
12	506	1591
12	507	1547
12	508	1495
12	509	1434
12	510	1341
12	511	1278
12	512	1260
12	513	1250
12	514	1227
12	515	1222
12	516	1183
12	517	1177
12	518	1001
12	519	982
12	520	953
12	521	939
12	522	927
13	55	6
13	67	9
13	89	3967
13	173	6
13	228	6
13	292	4
13	295	2
13	298	16
13	299	4
13	300	2
13	302	9
13	310	17
13	316	4
13	318	2
13	325	3
13	328	12
13	333	38
13	344	2
13	349	3
13	352	2
13	378	2
13	461	3
13	466	4
13	498	6
13	523	10
13	524	8
13	525	6
13	526	6
13	527	4
13	528	4
13	529	3
13	530	3
13	531	3
13	532	3
13	533	2
13	534	2
13	535	2
13	536	2
13	537	2
13	538	2
13	539	2
13	540	2
13	541	2
13	542	2
13	543	2
13	544	2
13	545	2
13	546	2
13	547	2
13	548	2
14	549	1259
14	550	908
14	551	850
14	552	849
14	553	843
14	554	834
14	555	831
14	556	812
14	557	809
14	558	772
14	559	768
14	560	765
14	561	724
14	562	710
14	563	706
14	564	676
14	565	674
14	566	671
14	567	670
14	568	665
14	569	656
14	570	655
14	571	654
14	572	653
14	573	653
14	574	650
14	575	648
14	576	646
14	577	645
14	578	638
14	579	635
14	580	634
14	581	634
14	582	633
14	583	632
14	584	632
14	585	631
14	586	627
14	587	621
14	588	619
14	589	619
14	590	618
14	591	612
14	592	610
14	593	610
14	594	609
14	595	607
14	596	602
14	597	601
14	598	601
15	69	242
15	154	751
15	159	297
15	197	599
15	203	352
15	205	477
15	212	242
15	215	253
15	218	246
15	222	235
15	227	747
15	233	464
15	266	247
15	429	366
15	511	740
15	599	1141
15	600	835
15	601	557
15	602	546
15	603	484
15	604	484
15	605	470
15	606	466
15	607	443
15	608	412
15	609	407
15	610	404
15	611	404
15	612	380
15	613	373
15	614	351
15	615	350
15	616	346
15	617	341
15	618	340
15	619	337
15	620	328
15	621	306
15	622	302
15	623	295
15	624	294
15	625	279
15	626	261
15	627	258
15	628	255
15	629	251
15	630	230
15	631	226
15	632	226
15	633	223
16	89	849
16	161	459
16	346	264
16	386	154
16	532	251
16	634	889
16	635	750
16	636	617
16	637	502
16	638	487
16	639	457
16	640	392
16	641	391
16	642	389
16	643	367
16	644	366
16	645	311
16	646	308
16	647	307
16	648	292
16	649	257
16	650	251
16	651	250
16	652	231
16	653	228
16	654	217
16	655	217
16	656	214
16	657	209
16	658	195
16	659	190
16	660	174
16	661	167
16	662	166
16	663	165
16	664	153
16	665	150
16	666	149
16	667	148
16	668	147
16	669	147
16	670	146
16	671	144
16	672	144
16	673	143
16	674	141
16	675	141
16	676	139
16	677	139
16	678	137
17	56	242
17	67	303
17	89	1255
17	229	610
17	230	120
17	288	129
17	289	118
17	292	110
17	298	215
17	300	1089
17	306	144
17	324	306
17	325	219
17	344	1804
17	403	101
17	461	984
17	464	266
17	466	925
17	498	1544
17	526	104
17	528	321
17	538	188
17	544	426
17	548	1446
17	679	14436
17	680	891
17	681	879
17	682	651
17	683	474
17	684	462
17	685	381
17	686	373
17	687	370
17	688	338
17	689	270
17	690	243
17	691	208
17	692	190
17	693	188
17	694	187
17	695	172
17	696	170
17	697	168
17	698	146
17	699	121
17	700	116
17	701	115
17	702	109
17	703	107
17	704	105